5647,869361,1483879,2889589,5614445,5832297,4022085,1368801,1307607,1087809,2104097,4221385,5709569,4910983,2705257,1371147
2746,898613,1528067,2946365,5583671,6221413,4292211,1351531,1251505,1120691,2149779,4232961,5890421,5230261,2812493,1325573
3983,976119,1658999,2891831,5275695,5463209,3833907,1327015,992213,1218105,2187363,4053115,5363643,4649573,2593977,1198669
3130,871969,1490323,2614357,5688513,5532111,3727359,1454471,1211693,1093301,1976045,4123471,5588833,4614263,2602045,1370613
4511,1367857,2395733,3976695,5801291,6246563,3182151,1532175,936857,1738113,3056341,4829305,5993119,4696921,2368265,1270071
5496,894919,1462319,2788107,5520759,6225595,4437313,1629945,1184697,1089867,2046127,4124973,5859513,5320927,3039759,1443005
5749,906133,1545077,2716367,5277059,5326185,3666957,1268523,928721,1134209,2047063,3967361,5296369,4496677,2486213,1136071
2986,1134479,2024143,3424007,5843373,5903649,3494015,1561473,948841,1455741,2615651,4600787,5868417,4701091,2547201,1298605
4525,962371,1646807,2886951,5284111,5402917,3778571,1333959,946703,1206425,2177769,4053803,5333583,4586023,2572355,1176957
3426,891185,1417615,2535043,4975629,6137685,4298393,1362691,1101733,1061447,1889385,3737355,5546697,5234019,2888061,1273265
2559,871335,1616961,2981605,4347955,3973165,2462813,1239489,813407,1142549,2194435,3617373,4171027,3251673,1876289,1058653
4922,1014493,1733079,2967987,5366049,5595339,3805259,1382153,1025021,1269107,2258321,4134101,5476779,4700543,2609337,1241863
3443,1473349,2528719,4392079,6779537,6474413,3022231,1519969,901875,1835427,3306093,5533069,6629157,4759719,2291573,1245869
7262,925957,1718551,3164321,5113279,5951797,3529059,1399667,861345,1223193,2345985,4102621,5524199,4736409,2480485,1168675
2699,1365153,2405241,4044733,5840927,6180661,3298037,1631709,953755,1741295,3094869,4901095,6008169,4738127,2481135,1328907
2536,1176119,2166373,3504409,5118335,5393629,2986741,1545577,924299,1543803,2716951,4278415,5270547,4208149,2292351,1271513
2973,1029685,1875561,3180855,5061033,4481479,2578909,1218469,799319,1344681,2428665,4084387,4764333,3536175,1919949,1047399
3294,1038937,1886735,3172003,5185737,5207211,2985253,1215727,742275,1352001,2430285,4145819,5193887,4098323,2119635,1017621
4537,1039413,1767453,3030183,5396719,5524783,3797779,1372451,1005311,1297803,2304275,4180427,5453267,4657427,2602911,1226453
3086,1214433,2115779,3487363,5678719,5546239,3423505,1486733,1029863,1538651,2689779,4541473,5602377,4482685,2469199,1297555
3681,1008349,1730301,2917335,4987627,5075295,3396491,1338673,973201,1266089,2231993,3918761,5029045,4243101,2385325,1195565
4960,954805,1600067,2728715,4865255,5198863,3673471,1316489,1005995,1180813,2080227,3767477,5030931,4442549,2515161,1199265
4953,1001953,1718299,2947061,5249163,5345929,3733331,1369377,960615,1258691,2238989,4066041,5294001,4539769,2568585,1202983
4150,1051385,1788765,3021939,5552219,5736837,3667471,1360611,977225,1312375,2312017,4252419,5633503,4700127,2529895,1206949
4909,1324147,2309699,3910583,6266845,6630967,3951607,1762351,1152245,1682137,2989387,5046447,6437119,5278567,2871271,1494123
5738,1006411,1710121,3016115,5433499,5301181,3539259,1302891,970625,1257595,2272625,4190509,5362491,4422393,2438369,1175911
3335,1344265,2300673,3855597,5926753,6104713,2974653,1450499,860303,1731141,3029467,4916851,6033723,4581365,2275363,1199363
3144,545041,943371,1549715,2078781,1612091,992383,713565,589597,697597,1172783,1726213,1793119,1307633,882939,694909
4539,559085,905601,1216261,2784019,3536619,2139863,955919,690603,679327,1022593,1989883,3174407,2857557,1566717,861121
3758,1338549,2322969,3931675,6431743,6643275,4058661,1779059,1140109,1694155,3005095,5143295,6529089,5340307,2934981,1496861
3909,1390885,2404253,4083357,5908733,6274375,3492883,1596985,928109,1753435,3117081,4946565,6072639,4873001,2560253,1298825
2154,1474067,2448443,4047545,5526485,5820765,3088011,1539927,942397,1813013,3119183,4743569,5667787,4450667,2329015,1279643
3603,1505609,2518805,4140693,5666933,5607129,2840589,1495917,974551,1858013,3199291,4856343,5623363,4219783,2186621,1271919
5138,958323,1613425,2977113,5870479,5784123,3154821,1229499,993675,1187399,2205035,4392131,5814317,4465223,2218797,1149567
5177,1446609,2449355,4052293,5605031,5905155,3218523,1610217,1002693,1803993,3123173,4782193,5742639,4547585,2427583,1341737
3756,841431,1420345,2638353,5760897,6190127,3708335,1395019,1256729,1044661,1954549,4182441,5959095,4928459,2568549,1367913
5421,851563,1434843,2971477,5453353,5736465,4214667,1419501,1309997,1053727,2077223,4165113,5659675,5078931,2891359,1400739
4668,970695,1648535,2896231,5270735,5223511,3754039,1299261,975819,1206921,2182269,4048675,5242733,4484669,2542329,1175039
4713,832895,1515375,2871771,6163747,5905783,4584885,1481413,1269725,1088085,2113451,4510325,6033285,5234613,3039983,1410323
6508,859863,1456041,2683607,5208027,6557133,4257533,1457723,1262355,1038131,1935035,4417979,6487249,5230455,2695849,1380663
4071,1007075,1721031,3002291,5433769,5475579,3761323,1397031,1002703,1262685,2269883,4186107,5450481,4613167,2592697,1239995
4254,1012295,1729471,2946813,5157789,5286695,3556391,1345211,988095,1267139,2247781,4017623,5218811,4419059,2467193,1204939
4125,986901,1676249,3016811,5833323,5754913,3708129,1328825,924829,1230949,2256015,4389881,5786937,4724985,2535129,1166283
3470,1432871,2451849,4190161,6171035,6046107,3248941,1538539,919723,1794345,3191117,5135245,6103409,4652509,2415627,1267547
4275,1001127,1691211,2960873,5367887,5318819,3655241,1291907,999919,1243703,2233465,4129377,5345713,4501461,2500121,1187813
2580,1014641,1721011,3045225,4358575,4177291,1981083,1035353,571603,1264075,2287601,3654325,4243201,3065487,1523223,844951
3175,870045,1479429,2495375,3977429,4451113,2656971,1226045,769887,1084067,1909297,3208607,4214643,3558665,1963557,1037371
6828,1063219,1804231,3097747,5540385,5663467,3566333,1340159,944505,1326243,2356541,4286999,5597071,4610993,2474979,1179117
5027,907315,1584445,2829799,4498639,5235263,3164375,1360961,930939,1148203,2114223,3628605,4850897,4186183,2278035,1191683
4632,1500751,2512795,3966785,5442571,5832573,3077977,1605049,942611,1852257,3107753,4659129,5630441,4451801,2360243,1310201
2277,1572361,2691877,4633921,7645247,6916865,3331017,1819719,1139479,1970767,3505453,5970623,7247301,5211321,2596265,1496483
3298,1387311,2341471,3831527,5242897,5796825,3180255,1543937,964905,1720707,2958273,4463391,5445211,4439557,2368683,1297679
4291,934349,1546291,2922465,4919499,5343771,3761267,1247499,1387043,1145205,2147603,3881007,5066889,4448057,2479759,1343185
1240,1601651,2775521,4624565,7509941,6871077,3896379,2052161,1191893,2020885,3550029,6011163,7170899,5367179,2985735,1657345
3571,847369,1492437,2833097,5471621,6000157,4435793,1319767,1125195,1077549,2075277,4125871,5747939,5235839,2916575,1263033
4932,879049,1415181,2840967,6417263,6901613,4507865,1294279,1217043,1059677,2045823,4597575,6636003,5672473,2911987,1293811
4443,1434361,2412063,4031971,5765267,5969363,3167073,1571183,974979,1775877,3091753,4855123,5878121,4581085,2393963,1311041
4264,1012461,1736111,3002827,5418715,5513159,3811849,1345657,951001,1270301,2277705,4179055,5474213,4666669,2596945,1190125
2185,1248609,2056101,3536827,5433889,5286927,2824717,1435119,991843,1523429,2682033,4445975,5359089,4052197,2146911,1255967
5548,1425523,2407189,4156453,5294151,5292937,2854583,1502765,1089779,1770789,3145177,4661233,5285455,4076535,2199227,1332261
5415,1036779,1756537,3024955,5666871,6197167,4154183,1364635,1218897,1292917,2289395,4305971,5943867,5140471,2736989,1326041
3472,1418437,2437041,4135027,6784971,6015861,2890305,1524229,910921,1780741,3160259,5427729,6399987,4447343,2229001,1255889
4615,1397389,2388517,4005995,5501709,5641751,3060305,1538321,926773,1756871,3084469,4875161,5754691,4349651,2297637,1268625
2902,1018999,1687955,3003941,4539291,4884799,3326129,1229595,768093,1261165,2254249,3738205,4706717,4086795,2284239,1037467
2807,1433571,2445563,3931603,5413279,5619943,2925361,1590717,998335,1790963,3059077,4631285,5519171,4272703,2274739,1331725
5626,917235,1635605,2900489,4275427,4741107,2813135,1321681,879115,1182145,2181535,3551681,4510743,3790937,2091717,1140397
6751,1334307,2297519,3711801,6509467,6444411,4280069,1663267,950287,1678541,2886537,5079391,6489849,5364073,2995603,1351139
5166,1356047,2275519,3867175,6768337,6307467,3563373,1634023,1077953,1680949,2949311,5277421,6534963,4904577,2674821,1423433
4623,1302489,2251721,3857417,6725239,6317983,4142069,1783511,1196785,1645189,2937509,5242061,6497329,5215889,2975065,1529073
6642,1031957,1754467,3011073,5285425,5286369,3484569,1349365,957201,1288721,2291257,4118313,5286557,4388175,2441129,1191535
6699,994785,1688899,2919793,5271381,5329419,3592993,1313709,970661,1243199,2216237,4070517,5303405,4462005,2472933,1182009
4384,1486789,2511701,4124283,6117151,6632311,3349147,1556761,922845,1846389,3189405,5079321,6364771,4980901,2470469,1277629
2553,1494531,2544605,4310483,6416443,6929945,3623415,1695035,1013889,1867783,3293285,5317541,6661741,5271797,2687041,1393961
4164,1233823,2148435,3552479,5824987,5868211,3597779,1484647,926467,1562623,2740465,4651623,5841085,4727257,2558923,1243799
1967,1465617,2554497,4218399,7015913,6874865,4308289,2108777,1263461,1860273,3252271,5566113,6928587,5576325,3219831,1723535
5868,1010513,1700091,2938551,5157821,5208635,3539049,1326961,1009543,1254191,2229255,4011919,5177603,4373227,2453479,1207573
3241,1473919,2558863,4470539,7328967,7364563,4628019,2099293,1257051,1864451,3377551,5851275,7343735,5998557,3386265,1713815
5822,954885,1626469,2923557,5061493,5652795,3166573,1307147,826903,1194469,2184447,3961653,5354115,4405521,2256107,1107403
5833,1057875,1727947,3273053,5231005,5257121,3333241,1337165,1098427,1285243,2412855,4231267,5264151,4318925,2359527,1252337
4928,1306503,2233821,3640965,5698157,5517133,2774853,1400593,827981,1638611,2822011,4630559,5603367,4141905,2105997,1153475
2987,1560367,2690339,4551541,6659435,7130417,3836127,1994741,1165699,1966201,3478099,5553679,6889133,5483253,2933341,1618355
5684,1136647,1880097,3443843,5422567,5739741,4051785,1470439,1088683,1395529,2559995,4390617,5574613,4895799,2780191,1314337
2893,1581921,2486855,3888315,5116127,5773789,3485823,1779289,1056901,1876499,3053059,4455199,5442499,4626409,2650337,1455389
4946,1410857,2353767,3743895,5016481,5568167,2994765,1579179,976811,1738769,2926635,4340301,5291841,4278367,2305499,1307171
4925,973955,1646857,2674597,4115417,4588015,2635385,1122851,691463,1209955,2077273,3391719,4386631,3626095,1902401,943157
2120,1510381,2567341,4419177,6793855,7005965,3791931,1790689,1102871,1882113,3351749,5500091,6859313,5377745,2765269,1474505
3531,1181553,2207119,3731117,5406387,5455897,2935649,1496639,868155,1567497,2846599,4530433,5432155,4193907,2234927,1221757
